cam0:
  cam_overlaps: []
  camera_model: pinhole
  distortion_coeffs: [-0.43665718, 0.16894585, 0.01690442, 0.00495142]
  distortion_model: radtan
  intrinsics: [1019.376417, 1016.045772, 632.407840, 490.073510]
  resolution: [1280, 960]
  rostopic: /pylon_camera_node/image_raw
