image_width: 1280
image_height: 960
camera_name: daA1280_54uc
camera_matrix:
  rows: 3
  cols: 3
  data: [1019.37642,    0.     ,  632.40784,
            0.     , 1016.04577,  490.07351,
            0.     ,    0.     ,    1.     ]
distortion_model: plumb_bob
distortion_coefficients:
  rows: 1
  cols: 5
  data: [-0.425821, 0.165914, -0.001417, -0.003228, 0.000000]
rectification_matrix:
  rows: 3
  cols: 3
  data: [1., 0., 0.,
         0., 1., 0.,
         0., 0., 1.]
projection_matrix:
  rows: 3
  cols: 4
  data: [815.69855,   0.     , 619.06561,   0.     ,
           0.     , 907.33459, 490.68447,   0.     ,
           0.     ,   0.     ,   1.     ,   0.     ]
