# oST version 5.0 parameters


[image]

width
1280

height
960

[narrow_stereo]

camera matrix
1019.376417 0.000000 632.407840
0.000000 1016.045772 490.073510
0.000000 0.000000 1.000000

distortion
-0.425821 0.165914 -0.001417 -0.003228 0.000000

rectification
1.000000 0.000000 0.000000
0.000000 1.000000 0.000000
0.000000 0.000000 1.000000

projection
815.698547 0.000000 619.065608 0.000000
0.000000 907.334595 490.684471 0.000000
0.000000 0.000000 1.000000 0.000000



LineDelay:
2.0522692674502518e-05
2.0522692674502518e-05
Intrinsics:
[949.93355879 943.52510506 568.57992766 349.66042537]
Distortion:
[-0.43665718  0.16894585  0.01690442  0.00495142
