image_width: 1280
image_height: 960
camera_name: daA1280_54uc
camera_matrix:
  rows: 3
  cols: 3
  data: [1008.785600703726, 0, 620.725352114218, 0, 1008.153829014085, 486.3101299756897, 0, 0, 1]
distortion_model: plumb_bob
distortion_coefficients:
  rows: 1
  cols: 5
  data: [-0.4131778255776392, 0.1488336060172014, -0.0002996896647241871, -0.0005385604028147197, 0]
rectification_matrix:
  rows: 3
  cols: 3
  data: [1, 0, 0, 0, 1, 0, 0, 0, 1]
projection_matrix:
  rows: 3
  cols: 4
  data: [804.8590087890625, 0, 608.2575164355148, 0, 0, 901.1036376953125, 487.1337278329083, 0, 0, 0, 1, 0]